%YAML:1.0
---
cameraMatrix: !!opencv-matrix
   rows: 3
   cols: 3
   dt: d
   data: [ 334.22334088825977, 0., 302.83911819399901, 0.,
       334.19603931721451, 231.40572844220839, 0., 0., 1. ]
distCoeffs: !!opencv-matrix
   rows: 1
   cols: 5
   dt: d
   data: [ 0.023689637302147706, -0.071732838212321737,
       -0.00084975744256930881, -0.0011963962914561476,
       0.018468409917960338 ]
